modality: rgbd
mount: wrist
link_name: iiwa14_link_7
convention: ros
width: 320
height: 180
focal_length: 24.0
horizontal_aperture: 33.19737869997174
focus_distance: 400.0
clipping_range: [0.1, 100.0]
pose:
  # V7-derived wrist camera, moved lower and aimed right with a little more downward tilt.
  # Optical axis in link-7 frame is approximately [-0.05, -0.35, 0.94].
  pos: [0.0, -0.06, -0.04]
  quat_wxyz: [-0.004742097101176232, -0.02625607532239174, -0.17767068381591639, 0.9837282445554425]
