modality: rgbd
mount: wrist
link_name: iiwa14_link_7
convention: ros
width: 960
height: 540
focal_length: 24.0
horizontal_aperture: 33.19737869997174
focus_distance: 400.0
clipping_range: [0.1, 100.0]
pose:
  # Wrist debug camera candidate v8.
  # Same orientation as v6, moved farther back along local -Z to widen the
  # visible hand/object region.
  pos: [0.0, -0.02, -0.08]
  quat_wxyz: [0.032525042454645624, 0.13717600858779114, -0.22840390461859275, 0.9633049987601157]
