modality: rgb
mount: wrist
link_name: iiwa14_link_7
convention: ros
width: 320
height: 180
focal_length: 24.0
horizontal_aperture: 33.19737869997174
focus_distance: 400.0
clipping_range: [0.1, 100.0]
pose:
  # RGB-only version of the preferred V9 wrist camera for policy training.
  pos: [0.0, -0.05, -0.04]
  quat_wxyz: [0.003254200825963178, 0.02562144637318486, -0.12595656314649195, 0.9916994987712024]
